6165
13339
24895
10235
6165
30093
13339
15303
15303
26880
34535
24022
34535
4502
10235
26880
6165
26773
5161
24022
24895
15303
12417
34535
13339
26773
17391
26773
4502
26880
6165
34535
26773
15303
17391
13339
17391
26773
17391
30093
6165
26880
26880
4502
34279
34279
6165
10235
24895
6165
24895
6165
13339
4502
26773
6165
34279
30093
24022
30093
4502
34279
15303
10235
34535
34535
34279
30093
20593
26773
5161
34279
30093
12417
6165
10235
24895
13339
20593
10235
5161
26773
26880
30093
6165
34279
13339
4502
12417
10235
34535
12417
30093
12417
17391
4502
5161
24895
15303
6165
12417
4502
4502
20593
34279
17391
24022
20593
6165
6165
30093
10235
15303
17391
20593
30093
10235
24022
5161
13339
34535
10235
10235
24895
6165
26880
10235
30093
6191
22499
22193
15857
36863
36473
26057
16
15
43
154
68
167
176
191
115
22
59
233
39
211
138
255
20
113
96
5
111
70
188
225
197
61
115
244
41
148
140
147
178
252
